-0.11443 0.371842 0.00986703 -2.03105 -2.78962 -2.0164 -1.42049 -0.645465 
0.247599 0.985133 1.0798 -1.25291 -1.90734 -0.967372 -0.213792 -0.0606543 
0.104871 0.683988 0.657352 -0.301884 -0.379078 -0.254609 -0.0591608 0.099237 
0.17033 1.36067 0.144532 -0.997163 -1.13968 -0.655801 -0.202085 -0.0597371 
-0.699398 1.07921 -0.871225 -2.03682 -2.10678 -1.56574 -0.633524 -0.152365 
-1.46249 -0.515571 -1.53235 -1.61481 -2.52254 -2.67983 -1.76369 -0.777396 
0.406899 -0.238109 -0.574131 0.284555 0.220203 -0.828647 -1.84063 -1.35743 
1.56797 1.41057 1.34275 2.5396 2.38866 1.53326 -0.0248098 -0.363824 

0.973287 0.611453 0.0157798 -0.978353 -1.4056 -0.315364 0.100862 -0.0803184 
-0.413099 -0.89477 -1.86475 -2.35135 -2.206 -0.497635 -0.247768 -0.160029 
-1.2468 -2.09028 -2.28356 -2.77279 -1.06 0.0172977 -0.279011 -0.0770642 
-0.0118946 -0.457945 -1.28905 -1.81143 -0.478061 -0.237385 -0.510467 0.217981 
-0.388245 -1.47331 -2.11431 -1.38884 -0.272594 -0.229375 -0.0298888 0.703443 
-0.0263281 -1.76747 -1.97421 -0.845301 -0.710942 -0.662864 0.113249 0.583224 
1.62629 0.620686 0.818169 1.04368 0.647823 0.254159 0.398958 0.23819 
-2.78467 -3.70965 -3.53343 -3.0743 -2.23985 -1.38843 -0.550785 -0.288413 

0.862845 0.218702 -0.514789 -2.19724 -1.19887 -0.30556 -0.688133 -0.416514 
0.366947 0.929038 0.0993158 -0.282879 -0.128322 -0.504253 -0.529454 -0.319639 
-0.112724 0.188798 -0.65656 -0.0247253 0.113249 -0.388028 -0.566175 -0.178361 
-0.398528 -0.239136 -1.48556 -1.49108 -0.482038 -0.364338 0.20924 0.353042 
-1.0675 -0.52764 -1.66965 -2.72631 -2.20116 -0.738211 0.584625 0.799699 
0.892284 0.91387 -1.14769 -2.13223 -2.98209 -2.39857 -1.27845 -0.407501 
1.98036 1.73761 0.349011 0.513234 -1.26833 -2.14167 -1.86304 -1.11926 
1.43154 1.86038 1.29152 1.7963 1.46096 1.22993 0.538868 -0.266297 

-1.43311 -1.5288 -0.938892 -1.98335 -2.2336 -2.37878 -1.32563 -0.290261 
0.703278 0.667442 -1.29345 -2.7551 -2.25572 -1.8991 -0.805199 0.108428 
0.32629 0.290597 -0.508672 -0.0134064 -1.14772 -1.35713 -0.492021 0.176885 
0.268502 0.356249 0.839455 0.703326 -0.84072 -0.900792 0.0138139 0.289242 
0.316962 0.848018 1.35755 0.405205 0.0180783 0.0755568 0.776316 0.50101 
-1.42827 -1.28304 -2.28259 -3.14677 -1.7594 0.246913 0.533333 0.125994 
-1.09497 -2.42573 -4.1736 -4.71837 -4.02396 -2.809 -1.77315 -0.610532 
0.85321 0.0301847 -0.432037 -0.596121 -1.67632 -1.95458 -1.47816 -0.599334 

0.257783 0.00269269 -0.0590617 0.493893 0.854095 0.0292864 -0.403552 -0.133639 
2.41778 1.57168 0.743167 0.251627 -0.853144 -1.84912 -1.37023 -0.351673 
0.420108 -2.40841 -3.56812 -2.2549 -1.79662 -1.62126 -0.715631 -0.137072 
-1.10814 -2.54175 -3.14421 -2.17113 -1.61688 -1.21945 -0.131746 0.0939192 
-1.22951 -1.55212 -2.22111 -2.64778 -1.85203 -0.390617 0.6636 0.567735 
-0.193717 -1.64498 -2.28932 -3.04629 -3.27188 -1.98154 -0.866671 -0.266654 
2.32515 1.13977 0.566093 -0.0721551 -0.54043 -0.24478 0.0711256 -0.0921793 
3.29332 2.52999 2.55515 2.65731 2.08004 1.51929 0.70911 0.205735 

-0.125757 -0.87925 -1.31122 -1.72677 -0.764358 -0.315283 -0.256009 -0.486817 
-1.80682 -1.62906 -1.15431 -0.856704 -0.856735 -1.17715 -0.727937 -0.665948 
-0.551198 -0.683737 -1.23939 -1.05227 -1.02213 -1.01879 -0.730949 -0.614192 
-0.665332 -0.643659 -1.17995 -0.961865 -1.413 -1.15284 -0.745153 -0.555491 
1.67096 1.85176 2.07093 1.72445 0.780165 0.507035 0.177106 -0.129947 
2.54745 3.37929 4.02887 3.34838 1.93224 1.63768 0.852262 0.200626 
-3.68388 -3.16448 -3.06741 -3.51293 -3.08989 -1.98703 -0.842057 -0.478541 
-2.05645 -1.64739 -1.94186 -2.55154 -1.54418 -0.907115 -0.508979 -0.431875 

0.63584 1.36799 -0.347517 -4.89515 -6.1867 -2.69731 0.0359225 0.84106 
-0.847029 -0.704536 -2.39775 -5.71347 -5.33615 -1.21877 0.77024 0.722848 
-1.56839 -0.0302589 -2.68532 -4.83126 -3.38082 0.263762 1.40512 0.874757 
0.698318 2.48141 -1.29662 -3.24121 -1.38911 1.21241 1.52554 1.06733 
1.40891 -0.0240147 -2.98137 -4.1456 -1.48412 0.632809 0.651334 1.02561 
0.421602 -3.09085 -4.43486 -3.91731 -2.16013 -1.74563 -1.20198 0.165566 
-2.48923 -4.33932 -3.52706 -2.62973 -2.12345 -1.97582 -0.531358 0.447725 
-4.67418 -4.96152 -4.54333 -3.45924 -2.54976 -1.9682 -0.857808 0.232526 

0.485975 0.265622 0.0256062 -0.635652 -0.815176 -1.23305 -0.774823 -0.0578247 
-0.280791 0.222774 0.285742 -0.958769 -1.35269 -1.08057 -0.584185 -0.0586561 
-1.92954 -0.683485 -0.00533164 0.0558714 -0.210192 -0.523167 -0.331439 -0.171427 
-0.458894 0.213544 -0.256079 -0.0974137 -0.425954 -0.130981 0.145758 0.227849 
-0.0447548 0.13879 -0.376996 -0.410459 -1.25763 -0.2559 0.456259 0.532744 
-1.49267 -1.23306 -0.438092 -1.14377 -2.34967 -1.80566 -0.410015 0.375101 
-0.211218 -0.58675 0.669399 0.163317 -1.18351 -1.84158 -1.51278 -0.385339 
0.0311806 -0.0811911 0.846802 1.42448 1.33135 0.237309 -0.661272 -0.384556 

-1.10731 0.250104 1.83383 0.143759 -1.33662 -0.437535 -0.369031 -0.51889 
0.0638302 2.48318 3.37984 -0.551318 -2.03875 -0.895837 -0.802769 -0.543291 
0.360898 3.10621 0.545014 -2.97608 -1.96273 -0.756528 -0.810641 -0.448412 
-1.31274 0.853873 -1.68346 -3.43017 -2.15785 -1.42573 -1.12772 -0.2639 
-0.93205 0.491833 -2.5459 -3.74606 -2.4041 -1.79274 -1.08232 -0.26066 
0.995909 1.70157 -1.53502 -1.76886 -1.24348 -1.37593 -0.750348 -0.347018 
1.88836 2.27968 -0.331304 -1.04261 -1.24357 -0.973575 -0.108275 -0.237408 
3.1882 2.53798 1.22745 1.65563 0.730306 -0.169016 -0.0754197 -0.250024 

1.73887 1.15311 1.23181 0.615463 -0.699844 -1.95987 -1.54938 -0.504872 
1.52025 1.8633 1.26128 0.422157 -0.408418 -1.07573 -1.12627 -0.462497 
-0.363505 -0.29352 -0.293927 -0.165144 -0.892578 -1.31776 -0.950636 -0.34195 
-2.12639 -2.25625 -2.09061 -2.24323 -2.43954 -2.28162 -1.16166 -0.339354 
-2.55096 -3.16176 -3.64651 -4.43248 -4.17404 -3.76971 -2.49169 -0.825332 
0.568165 0.0644073 -0.394421 -1.61223 -2.91523 -3.29692 -2.63094 -1.401 
4.06156 5.31806 5.51765 4.52095 1.85954 0.275623 -0.162418 -0.472922 
1.32748 1.85377 2.89268 3.47598 1.87576 0.504256 0.0864199 -0.150445 

0.558599 0.0815648 1.08381 1.47943 0.471901 -0.244111 0.126756 0.210692 
-0.02243 0.454191 1.12001 0.569528 -0.517443 -0.562209 -0.260689 -0.185253 
-0.257531 -0.229304 -0.761473 -1.38244 -1.86509 -0.903254 -0.349714 -0.140538 
-2.18703 -2.4803 -2.4503 -2.31866 -2.53225 -1.34963 -0.763504 -0.172134 
-3.88933 -4.19525 -3.85617 -4.22723 -4.20406 -2.83442 -1.31916 -0.0953887 
0.110481 0.813808 0.844323 -0.0721106 -0.83159 -0.576821 -0.0992033 0.354522 
3.58995 5.04284 4.23769 2.99619 2.51449 1.83481 1.11993 0.604388 
1.26499 1.17255 0.3872 0.24329 0.0216716 -0.187323 -0.0503836 0.170383 

-2.62866 -4.14858 -3.8413 -3.11971 -2.44405 -1.42455 -1.06297 -0.258063 
-0.0998089 1.86383 2.16399 0.0623468 -2.22912 -2.42665 -1.69747 -0.413996 
2.24424 2.50081 0.672055 -1.85449 -2.6669 -2.01624 -1.2004 -0.242374 
2.20397 1.36182 0.0829144 -1.12929 -0.68891 -0.779541 -0.409913 -0.132863 
2.41325 1.88605 0.599347 0.223109 1.26501 0.610471 0.554471 0.0320983 
-4.10857 -4.52987 -6.24908 -6.22319 -5.59224 -4.0621 -1.75374 -0.512924 
-3.35866 -3.51091 -5.29065 -5.4808 -5.87491 -3.81063 -1.64021 -0.633531 
5.32692 5.15041 4.22706 4.163 2.75756 1.75809 0.744756 -0.0972289 

-0.616717 -1.19417 -2.30418 -2.52572 -2.31166 -1.59191 -0.716903 0.113648 
0.905001 -1.93406 -3.94251 -3.04118 -1.43621 -0.336294 0.0687779 0.295687 
-0.888772 -2.23653 -1.48947 -0.653954 0.473329 0.0912904 0.246361 0.346764 
0.341507 -0.0219727 0.350909 0.673921 0.71569 0.0746799 0.286993 0.388152 
0.477768 -0.25495 -0.318941 1.24819 1.12681 0.480802 0.190206 0.3552 
-2.43223 -3.81623 -3.68528 -1.67594 -0.679493 -0.310486 -0.279874 0.0389422 
-2.81146 -3.93787 -3.5482 -2.51942 -1.79358 -1.10075 -0.565936 -0.227367 
-1.74621 -1.22704 -0.0564139 -0.820131 -0.925323 -1.00756 -0.273101 0.169914 

0.878208 2.72051 2.22891 0.517329 -1.49114 -1.92714 -0.557601 -0.182176 
1.73126 0.648861 -0.702616 -1.95128 -2.9603 -2.0378 -0.3216 -0.176623 
-1.21338 -1.53877 -1.88428 -2.67582 -2.67716 -0.98586 0.325534 -0.187294 
-1.61121 -0.956711 -0.952522 -2.26456 -2.55502 -0.845221 -0.20711 -0.300594 
0.335124 0.647984 -0.519939 -2.24176 -1.7524 0.32094 -0.116528 -0.264349 
2.30064 0.957865 -1.40422 -1.9502 0.0335397 0.867136 -0.658361 -0.682055 
3.27564 1.01964 0.241682 0.50199 1.433 0.606561 -0.293804 -0.227087 
-1.21905 -2.28299 -2.50719 -2.34798 -1.40126 -1.57426 -0.798896 -0.248713 

-2.33048 -1.16995 -0.147677 0.32323 -0.63301 -1.10438 -0.750593 -0.0887489 
-3.62782 -3.43548 -0.857066 -0.0252838 -1.57701 -1.99037 -1.39414 -0.423755 
-1.49154 -2.20546 -0.791132 -1.45616 -2.35659 -2.10045 -1.15035 -0.224015 
0.198252 0.259813 1.021 -0.0169923 -1.40774 -1.6911 -0.824455 -0.179206 
-0.138529 0.738036 2.44483 1.59033 -0.0969406 -1.33128 -0.690352 -0.0819128 
-1.02523 -0.90401 1.06518 1.87735 1.04616 -0.605613 -0.528196 0.164994 
-3.05782 -4.04645 -3.33639 -1.63444 0.0890563 0.373502 -0.168345 -0.218189 
-4.16169 -4.95028 -5.2094 -5.19932 -3.66751 -1.13219 0.0331517 0.0806345 

-2.01994 -3.09217 -2.76165 0.974724 4.1322 0.912455 -1.48437 -0.50751 
-1.58858 -3.23531 -2.14101 3.19676 4.26444 -0.225189 -1.68368 -0.332076 
-0.899258 -3.62505 -1.73126 4.20104 2.6148 -1.71505 -1.57559 -0.225161 
-2.02154 -4.26582 -0.856556 3.6961 0.080813 -2.33506 -0.748863 0.267606 
-3.38622 -4.24902 0.358265 2.16425 -1.39211 -2.07996 -0.728528 -0.102968 
-2.56723 -2.69795 0.4827 0.563735 -1.12977 -0.822523 -0.87357 -0.756595 
-1.15175 -1.03234 0.418122 0.171794 -0.249862 0.114916 -0.422097 -0.453813 
0.438885 0.924577 0.866377 0.530712 0.47347 1.02777 0.316945 -0.19282 

0.459786 0.63774 -0.816487 -1.36293 -1.88477 -1.12857 -0.563785 -0.324391 
1.9141 0.710033 -1.13563 -1.91127 -2.24441 -1.45651 -0.591739 -0.332793 
-0.35241 -1.38335 -2.20613 -1.83834 -1.39113 -0.483046 0.000532577 -0.013489 
1.34288 0.3007 -0.196609 -0.349803 -0.1002 0.183785 0.266692 0.188791 
0.587339 -0.247893 -0.137956 -0.738555 -0.354823 0.286283 0.349381 0.262345 
-2.91894 -3.70722 -3.69893 -4.54904 -3.61156 -1.8451 -0.695879 -0.12292 
1.746 1.41802 1.02365 0.601309 0.225205 -0.194227 -0.485746 -0.406485 
-0.21536 0.0416482 0.0261989 -0.107214 0.305498 0.0210076 -0.179059 -0.101646 

-0.524315 -0.351532 0.205229 0.606989 -0.190251 -1.49945 -1.46849 -0.885848 
-2.23923 -3.03994 -2.67466 -1.13798 -1.33007 -1.74109 -1.10738 -0.779822 
-0.976741 -1.49447 -2.54666 -2.48725 -2.79253 -2.26432 -1.04083 -0.739144 
-2.69464 -3.25997 -3.37357 -3.42159 -4.51155 -4.01334 -2.53028 -1.23695 
0.786402 -0.44915 0.170902 0.0860276 -2.38776 -3.6221 -3.76945 -2.0798 
6.04805 5.68649 6.61853 7.71304 6.747 3.91274 -0.0190645 -1.27623 
-2.69186 -2.00774 -1.82125 -0.840748 0.534683 1.54518 0.912073 -0.21714 
-3.23077 -3.26835 -3.67919 -3.35363 -1.99953 -1.20052 -0.383074 -0.453292 

-0.382134 -0.253273 -1.25259 -1.18154 -1.80013 -0.458239 0.444106 0.00637693 
-0.459832 -1.81765 -1.82536 -0.809699 0.490951 1.24494 0.739587 -0.0235499 
-1.25822 -1.56158 0.0851754 1.37828 0.719077 0.473739 0.0801215 -0.251696 
-2.22361 -2.29392 -1.41067 -1.29733 -1.82016 -1.11823 -1.1572 -0.5439 
-1.65242 -3.06785 -2.65201 -1.43358 -1.62728 -2.17 -2.07593 -0.963458 
0.57529 -0.0533168 1.48057 2.44234 2.26426 0.797873 -0.376257 -0.269435 
-1.54158 -1.89094 -0.149862 0.34811 0.112819 -0.627904 -0.902668 -0.350825 
-1.34039 -0.00274214 1.68355 0.988649 0.46959 0.432715 0.612804 0.373191 

-0.366605 -0.736962 -0.963785 0.953136 1.64406 0.276165 -0.940255 -0.92416 
-0.82535 -1.59489 -0.928337 0.949266 0.921924 1.54294e-05 -0.690935 -0.537362 
-0.949784 -2.19394 -0.870893 0.814203 1.24275 -0.152753 -1.00699 -0.430191 
-0.657348 -1.98316 -0.703368 0.327025 0.585447 -0.255154 -0.576892 -0.145406 
0.120326 -1.03583 0.604271 1.10152 0.783283 -0.336047 -0.342353 -0.049227 
-0.341752 -1.44201 0.402951 1.15368 0.970044 -0.697319 -0.707017 -0.320547 
-1.30172 -1.85141 -1.17272 -0.116852 0.576767 -0.0999969 -0.523901 -0.730112 
-1.05207 -0.82422 -1.17132 -0.301161 0.831954 0.953798 0.241265 -0.544558 

-1.44864 -1.93802 -2.78304 -1.35673 -0.247375 0.685322 0.611961 0.155139 
-0.746682 -1.71639 -2.50269 -1.56137 0.211486 0.689669 0.19489 0.175136 
-1.08631 -2.54832 -2.21361 -0.575928 0.940585 0.942097 0.111301 0.191856 
-0.990381 -1.57634 -0.436251 0.27989 0.849515 0.974456 0.749431 0.669468 
-0.459662 0.00566798 0.451044 0.938945 2.05269 1.7306 1.61691 1.10762 
-1.69301 -2.02193 -1.80799 -0.872744 0.87034 0.915673 0.644126 0.627068 
-2.63011 -3.70978 -4.17939 -3.1389 -1.89182 -1.23816 -0.589211 -0.296364 
-0.570407 -0.55463 -0.243261 0.508808 0.574422 0.585916 0.841594 0.428921 

0.073743 0.0869122 0.507549 -0.0735272 -0.181596 0.502696 -0.278276 -0.502265 
-0.300996 -1.49155 -0.67251 -0.207068 0.198671 -0.229048 -0.510682 -0.149696 
-0.915545 -2.84063 -3.63378 -1.81274 -0.0176265 -0.0715086 -0.301799 0.0168733 
-1.16075 -1.47791 -1.52482 -1.37562 -1.04352 -1.28383 -0.630517 -0.0150356 
-1.75871 -1.91059 -1.71136 -0.982564 -1.01394 -1.82795 -1.19651 -0.438039 
-0.309686 -1.6987 -2.3293 -0.367381 0.259319 -1.09298 -2.21493 -1.68879 
1.86984 1.39438 -0.362979 2.23556 3.70491 2.81964 0.479082 -1.07885 
-1.23704 0.210265 -0.771199 0.594981 1.88266 2.74454 2.74832 0.815233 

1.56854 1.49685 2.40209 2.1104 -0.381825 -2.26749 -2.31587 -1.31774 
-0.0936911 -0.0804494 -0.0320006 -1.4412 -2.1999 -2.9071 -2.35531 -1.10129 
-1.46283 -1.71689 -1.6334 -1.95526 -2.14081 -3.00711 -1.84891 -0.934795 
-2.86663 -3.2431 -2.26458 -1.80583 -2.88618 -3.1616 -1.86704 -0.850307 
-1.64263 -0.568452 -0.132293 -0.675336 -2.1727 -1.71336 -0.136253 -0.371527 
2.67604 4.28403 3.80041 1.35502 0.572455 1.68682 1.4851 0.0553195 
4.16191 3.53502 1.52461 -0.0780059 -0.69589 -0.911131 -1.4876 -1.35893 
-1.82389 -3.40049 -4.18855 -4.01246 -3.38612 -3.3075 -2.57024 -1.52658 

1.45385 1.92958 0.573478 -2.61943 -3.29081 -0.293093 1.40092 0.543073 
1.77113 -0.315556 -2.71987 -5.36349 -3.16177 1.5643 2.0668 0.568473 
-0.58208 -2.1628 -3.42669 -3.97582 -1.07364 2.03679 1.53706 0.175935 
-1.73509 -1.71876 -3.56496 -4.36075 -0.864264 1.58287 0.706531 0.00379502 
-0.0265786 -1.00122 -3.72668 -3.77467 -0.352375 1.08731 0.103712 0.0535259 
2.53116 0.334828 -1.75832 -0.0121454 2.58518 2.349 0.853396 0.498545 
0.681158 -2.50462 -2.3767 -0.0855381 1.05287 0.174321 -0.256951 0.127776 
-2.19806 -3.52029 -2.14365 -0.801443 -0.784637 -0.641402 0.0655713 0.22013 

1.16283 0.269689 -3.01787 -5.57489 -2.64293 0.096371 -0.306501 -0.0955635 
0.256091 -0.228829 -3.15904 -4.43944 -0.274285 0.83551 0.107094 0.199429 
-0.341662 0.857863 -1.96327 -1.80624 1.19909 0.40737 -0.360292 0.0469144 
1.25654 1.0655 -3.42638 -2.08961 1.02651 0.606542 0.430774 0.596127 
1.1057 -1.19935 -4.48176 -1.68452 0.0125802 0.357103 0.888691 0.803565 
-0.636175 -3.91298 -4.76688 -2.64443 -2.81292 -2.19354 -0.361791 0.323752 
-1.83585 -4.1164 -2.68866 -2.00755 -3.35007 -2.9182 -1.18768 -0.26719 
-1.15422 -1.30753 -0.989015 -1.36205 -1.36589 -0.529078 -0.352376 -0.396747 

-0.371509 -0.722761 -0.892694 -1.73739 -2.03648 -1.7416 -0.70944 0.0754875 
-1.0739 -0.787438 0.160676 0.708247 -1.19614 -1.52465 -0.523434 0.0486233 
-0.867946 0.375698 1.16501 0.366958 -1.6589 -1.60268 -0.309761 0.208056 
-0.619195 0.784554 0.535878 -1.59393 -2.58129 -0.928596 0.328115 0.476392 
0.389773 1.11925 0.506297 -1.4081 -1.65866 -0.569947 0.0825747 0.194808 
-0.0927298 -0.395377 -1.9457 -2.7655 -2.25782 -1.88828 -1.8052 -0.831179 
-2.61143 -2.51665 -3.9276 -3.67907 -2.96202 -2.26524 -1.67603 -0.901869 
-0.272946 1.02972 0.418247 0.489376 1.24584 1.44902 1.64674 0.764453 

-0.650737 -1.71783 0.0629551 2.82966 3.70501 -0.985695 -4.44336 -1.56937 
-0.749942 -0.410897 1.11879 1.35787 1.98319 -3.89042 -4.39963 -1.16314 
-0.0308521 -0.068332 -0.493939 0.822562 1.01759 -4.92789 -3.40136 -0.709626 
-0.716971 -1.31775 -0.809845 3.03185 -0.203554 -4.61926 -1.86404 -0.393099 
-0.610817 0.0467774 1.83713 4.38566 -1.84074 -3.31013 -0.636123 -0.457269 
-0.0882378 0.943464 1.97937 1.40129 -2.74416 -1.25362 0.201958 -0.732994 
0.937496 0.990356 -0.328214 -2.51424 -3.74972 -1.73335 -1.83456 -1.9415 
0.99815 -0.34449 -1.74259 -2.40485 -2.15208 -1.81333 -2.46302 -1.82112 

1.70079 0.227182 -2.82195 -6.46003 -6.86151 -4.19963 -1.69737 -0.360416 
-1.54746 -5.74602 -7.64806 -6.97483 -4.46252 -1.51153 -0.227403 0.0216643 
-3.49599 -3.83664 -2.33498 -0.780388 -0.802315 -0.416056 -0.195196 0.106325 
0.104378 0.872338 0.48681 -0.534438 -0.461112 -0.16903 -0.0148744 0.446642 
0.518068 -1.0445 -1.34163 -1.45004 -0.444639 -0.0715153 -0.182936 0.371091 
0.532956 -2.15865 -2.43441 -0.507859 0.871007 0.505486 -0.104394 0.0610938 
-3.84555 -6.37682 -5.23294 -3.7514 -3.7179 -3.93249 -2.78027 -0.998055 
-8.52499 -7.92773 -6.67685 -6.36002 -5.50825 -3.64798 -1.70204 -0.643297 

-3.46634 -4.7916 -4.29781 -1.82686 -0.419384 -2.24084 -2.97972 -0.693582 
-1.41563 -1.3632 0.700519 2.30662 2.26548 -1.49436 -2.53882 -0.182621 
0.0487392 -0.750455 1.08068 2.95976 1.7766 -2.09989 -1.75668 0.162898 
-2.93745 -3.02085 -0.587496 0.985657 -0.521441 -2.74332 -0.40872 0.471864 
-6.10414 -4.03946 -2.00732 -2.17739 -3.7637 -3.34813 0.0145081 0.354485 
-5.35176 -3.89947 -4.29156 -5.41347 -6.89798 -5.31816 -2.69791 -1.47894 
0.264936 0.737466 -0.753463 -1.10281 -2.5907 -2.68486 -2.8537 -1.89796 
5.06049 5.24762 5.00741 4.85808 3.32356 2.10425 0.611007 -0.0945911 

0.750409 3.13406 3.88305 1.28394 -1.8061 -2.15362 -1.42798 -0.805582 
1.00325 -0.336683 -2.2858 -3.64919 -2.38589 -1.38153 -0.793302 -0.749157 
-2.30922 -3.57594 -3.25215 -1.85326 -1.16562 -1.33892 -0.753925 -0.728624 
-2.90843 -2.76484 -2.41567 -2.23905 -1.72913 -1.10772 -0.76448 -0.575489 
-3.52554 -2.65531 -2.94396 -3.89268 -3.24235 -1.32142 -0.582221 -0.343511 
1.90728 2.66337 0.40076 -0.901976 0.169525 0.737619 0.1167 -0.482529 
6.25504 4.76249 3.46253 4.56781 4.59696 2.28011 0.517018 -0.179288 
-3.36817 -4.88999 -4.61423 -3.80878 -4.32174 -3.8742 -2.12537 -0.944146 

-1.70687 0.294886 2.12585 0.931949 -1.27784 -0.711167 -0.606893 -0.208156 
1.02726 1.07374 -0.39439 -1.33609 -0.950603 -0.183104 -0.534384 -0.439116 
0.188321 -2.42797 -0.257951 -0.140576 -0.426203 -0.525964 -0.754618 -0.461903 
-2.03624 -1.33198 1.17937 -0.903691 -1.14705 -1.04423 -0.941287 -0.348809 
-2.56092 0.194908 -0.338977 -2.16973 -1.02552 -0.891316 -0.651897 -0.338365 
-0.273507 2.09812 -0.974166 -1.46845 0.741525 0.420677 -0.0455208 -0.344325 
2.43415 0.604251 -1.46973 1.10208 1.29561 -0.287899 -0.453815 -0.260136 
0.381033 -1.2688 -0.410269 0.65449 -1.22383 -1.45471 -0.349267 -0.191124 

1.22783 -0.218474 -4.43758 -4.8449 -1.28362 -1.00188 -0.806163 0.301928 
-0.0230554 -2.94072 -6.88176 -4.62271 0.14494 -0.0898382 -0.298006 0.494678 
-0.935297 -3.5454 -5.11382 -1.39371 1.4091 0.319558 0.206483 0.489902 
1.13328 -2.06329 -3.55923 1.2141 2.00564 0.681472 0.604167 0.491238 
2.45536 -1.85445 -2.4175 2.76802 1.92531 0.868443 0.862937 0.535506 
-1.57501 -5.64317 -3.92657 0.525035 -0.613008 -0.765707 -0.500603 0.206704 
-5.35642 -7.95739 -4.26497 -1.9475 -2.74942 -1.76241 -1.0192 -0.126782 
-5.00829 -5.54564 -2.47525 -1.35571 -1.44995 0.219359 -0.0793581 0.228811 

0.346807 -1.93253 -4.05732 -1.87165 0.907381 -0.934956 -1.88429 -0.351649 
-0.0148477 -3.08746 -5.12991 -1.19734 1.90844 -0.525176 -0.805233 0.117273 
0.341278 -3.91631 -4.02546 1.72268 1.6423 -1.08775 -0.763751 0.199333 
-0.779028 -5.36102 -3.89396 1.48135 -0.731243 -1.70858 -0.228206 0.306411 
-0.986233 -4.53719 -1.91483 0.427935 -1.80791 -1.38168 -0.0124702 0.0509616 
-0.924422 -2.96986 -0.835258 -0.359325 -0.667065 -0.229946 -0.404292 -0.37345 
-2.77404 -4.74317 -3.63763 -2.89632 -1.89405 -1.39265 -1.7568 -1.07073 
-2.01256 -2.59031 -1.86466 -1.31911 -0.388527 0.129306 0.0251405 -0.154716 

0.585173 0.666824 -0.40186 -1.30619 -4.15388 -2.89223 1.4773 1.34759 
0.295168 0.860102 -0.00909028 -1.57213 -4.03903 -1.20111 2.19105 1.18484 
0.394713 0.373581 0.395766 -2.16317 -3.79301 0.300061 2.17852 0.845993 
-0.554587 -1.11365 0.349559 -2.84781 -3.45055 0.731588 1.10887 0.140793 
-0.951943 -1.15459 -1.4343 -4.67882 -3.22115 0.450443 -0.0805978 -0.143157 
-0.829134 -0.179507 -0.972872 -3.21802 -1.45994 0.115812 -0.0811732 0.460014 
-0.4938 0.283008 -0.10401 -1.4931 -0.0865428 -0.244173 -0.122803 0.734935 
-0.590887 -0.576304 0.219146 0.0501727 0.443033 -0.364668 -0.000316561 0.93262 

-1.34312 -6.04132 -7.96055 -3.09818 2.227 3.0016 0.802345 0.0174982 
-3.88267 -4.29645 -2.02217 1.336 2.43503 1.31874 -0.585439 -0.00380927 
-1.39892 -0.446949 -1.66685 -0.938975 1.05288 0.0779909 -0.552408 0.36467 
0.11999 -3.21535 -4.9907 -0.984568 1.46166 -0.992844 -1.24776 -0.0265624 
-3.83371 -8.07338 -5.12482 0.226105 -0.90053 -3.24243 -1.59589 0.0201922 
-6.56749 -7.01621 -0.896779 0.614881 -3.17315 -2.79761 0.429118 1.04343 
-4.65059 -0.136009 2.77811 0.129871 -1.33625 1.33849 2.41935 1.03939 
0.506943 2.91675 1.44008 -0.119198 1.44062 2.53159 1.08241 0.120629 

1.15812 -0.64677 -4.34791 -3.71878 1.32427 2.84714 -0.891283 -0.869259 
-1.12846 -2.8021 -3.9437 -1.88318 2.18147 1.29605 -1.95775 -0.915569 
-1.29659 -2.15982 -3.66182 -1.37494 2.77624 0.201207 -2.03742 -0.529059 
0.594817 -1.25266 -3.59718 0.514751 3.78 -0.800859 -1.56822 -0.131008 
0.774656 -2.73188 -3.09457 2.93804 2.76647 -1.82158 -1.17267 -0.054117 
-1.61466 -4.04438 -1.18525 3.48774 0.0443336 -2.07315 -0.0780842 0.245138 
-3.97337 -3.74201 -0.731165 0.496199 -2.52871 -1.65026 -0.053874 -0.490374 
-3.86479 -2.84717 -2.15307 -2.49257 -2.44731 -0.684045 -0.556975 -0.907749 

0.402907 -0.844552 -2.08394 -3.47795 -4.38526 -1.53324 1.43652 0.884513 
0.621324 -0.464736 -1.23539 -2.47934 -3.17547 0.297821 2.12625 0.943914 
-0.12644 -0.948412 -0.888574 -2.69721 -1.96483 1.89792 2.34411 0.706843 
-0.444539 -0.165576 -0.709993 -2.09084 -0.407598 2.59126 1.54916 0.363785 
-3.36244 -3.63601 -4.93708 -6.26516 -2.36726 0.326252 -0.342671 -0.132102 
-3.22316 -4.11232 -5.5177 -6.26087 -3.04739 -1.29711 -1.29364 -0.229213 
2.38456 2.25024 1.57638 1.36648 1.53393 0.483726 0.376005 0.590912 
0.892115 1.07247 0.994224 1.46241 1.62103 0.842432 0.929776 0.83716 

0.681768 0.959596 0.330233 -2.91433 -4.13429 -3.01233 -2.23245 -0.512057 
1.25407 1.5066 1.00971 -1.67253 -1.92086 -1.67748 -1.21711 -0.125877 
0.606884 1.78112 2.13403 -0.368967 -0.68811 -1.15802 -0.973467 -0.0969911 
-0.683565 1.09444 -0.522883 -2.15388 -1.90132 -1.78092 -0.519359 0.278535 
-1.60919 -0.188443 -2.82458 -3.53356 -4.16077 -3.14446 -0.612688 0.307817 
-0.776986 0.118251 -1.35068 -2.63281 -4.65974 -4.52006 -1.88008 -0.344843 
-0.305607 -0.46796 -0.538745 -0.809526 -3.28701 -3.94643 -2.67359 -1.1197 
2.31833 2.60788 3.30441 2.71311 0.682191 -0.493516 -1.02057 -0.606399 

0.563164 0.0167892 0.717024 0.682767 -0.0648409 -0.501958 -1.29886 -1.01946 
-0.871566 0.936783 1.27455 -0.193508 -0.258234 -0.527045 -0.752503 -0.559459 
-0.893884 1.37378 0.598347 -0.213759 0.18399 -0.697292 -0.97566 -0.579469 
-0.00878797 0.151968 -1.71106 -0.916723 -0.247793 -0.675997 -0.621444 -0.357501 
1.34899 -0.529177 -0.83392 0.660154 0.190066 -0.721041 -0.690331 -0.637584 
-0.40967 -0.343054 0.815784 0.0951845 -1.60926 -1.5222 -0.61625 -0.630053 
-0.922138 0.313127 0.985812 0.261568 -0.254266 -0.218093 -0.322439 -0.636943 
-0.231944 0.597262 -0.0739518 0.525502 1.04467 0.365482 -0.385987 -0.723618 

-0.0684964 -0.504565 -1.40845 -2.48118 -1.75631 0.206839 0.781992 0.524999 
-0.0221557 0.0836467 -0.78877 -1.35412 -1.04765 0.496774 0.525387 0.480881 
0.0112987 -0.574345 -1.30596 -2.42898 -0.622996 1.12862 1.09085 0.769655 
-0.340844 -0.716472 -0.853142 -1.46175 -0.155951 0.994564 0.934906 0.685596 
-1.97985 -1.41496 -2.67611 -2.42686 -0.999987 -0.012574 0.54338 0.507619 
-2.13003 -2.00613 -3.79847 -3.40267 -2.20835 -1.36525 -0.510525 -0.101064 
0.893432 0.988243 0.195138 0.588596 0.858747 0.682512 0.748292 0.505492 
0.452582 0.344456 0.0541754 0.421733 0.722145 1.26681 1.20879 0.880005 

-0.452887 -1.08532 -1.05869 1.37215 2.89017 0.32158 -1.92322 -1.15972 
-1.78605 -2.75377 -1.75713 1.31789 2.12631 -0.690106 -1.89118 -0.794783 
-2.00969 -3.39843 -1.91334 0.856478 0.958549 -1.54154 -1.78701 -0.401534 
-1.42698 -2.85147 -1.77585 0.566583 -0.217231 -2.00473 -2.02539 -0.716876 
-0.330515 -1.46686 -0.346359 2.10487 0.00607562 -2.50233 -2.11582 -1.07809 
0.38214 -0.588585 1.71272 4.40617 2.25226 -0.494771 -1.09781 -0.832467 
-1.08139 -2.31199 -0.54427 1.7528 1.06695 0.302977 -0.648839 -0.93654 
-2.11731 -2.48462 -2.20244 -1.31937 -0.393606 0.664711 0.0770686 -0.828187 

-0.271727 1.14612 1.23585 -0.082578 -0.534242 -0.507535 -0.131833 -0.0902586 
-1.99026 -2.37345 -3.34181 -2.54239 -1.57327 -0.64659 -0.209155 -0.342904 
-1.58612 -2.62198 -3.72691 -3.25325 -3.23063 -1.7008 -0.490565 -0.340672 
-1.34795 -2.38645 -3.43665 -3.39351 -2.88105 -2.37233 -1.63569 -1.04547 
-0.832993 -1.94313 -2.19811 -1.87335 -1.43348 -1.95739 -2.39308 -1.62588 
2.00674 1.74803 2.10583 3.00608 3.49931 2.19545 0.309208 -0.687407 
0.0777198 0.490543 1.6561 3.28657 4.47415 3.87625 2.96814 1.23621 
-5.27274 -5.82439 -5.45519 -5.19035 -3.92415 -2.02543 -0.285705 0.170595 

-3.92262 -4.15371 0.140958 5.76681 0.192026 -6.03878 -3.96033 -0.443151 
-2.49432 -4.2867 1.20832 5.89482 -1.9152 -6.55288 -3.19095 -0.201747 
-3.20867 -5.6856 3.70409 4.7867 -4.47543 -5.99079 -2.15066 0.136237 
-5.31631 -3.88139 6.87672 2.04665 -6.23855 -4.64601 -1.15215 0.339283 
-6.05514 -0.651049 4.23093 -2.84491 -6.22061 -3.11861 -1.58911 -0.569293 
-3.05513 0.393631 -1.55086 -5.7123 -3.59134 -2.77386 -3.24531 -1.73787 
-0.219681 -0.45569 -3.3696 -3.65698 -1.95123 -2.71916 -2.86502 -1.11811 
-1.22426 -2.23398 -3.21294 -2.40431 -1.9896 -1.93667 -1.02628 -0.332707 

-0.656922 -0.491803 1.57454 1.89134 -1.49633 -3.52784 -1.41901 0.16006 
-0.526638 0.45638 2.641 1.12575 -3.3797 -3.9198 -0.673667 0.187466 
-0.44903 0.887028 1.83026 -0.931682 -4.1965 -2.79057 0.207988 0.285372 
-0.942319 0.510484 1.36676 -1.19633 -4.46146 -2.06348 0.0425638 0.123623 
-1.5126 0.467989 0.77417 -2.78908 -5.14671 -2.27338 -1.23156 -0.362238 
0.113802 2.05197 1.44261 -2.34497 -3.18203 -1.60722 -1.51494 -0.55841 
0.919692 2.5061 1.31415 -1.21949 -0.453023 0.147387 -0.0326882 0.329917 
0.911088 0.792881 -0.980673 -1.60229 -0.907326 -1.68299 -1.39852 -0.208506 

-3.16422 -1.35157 2.77311 3.95964 0.990154 -2.50538 -2.38889 -0.622177 
0.417829 1.61237 2.697 1.37359 -0.874927 -3.82492 -2.42764 -0.461269 
-0.817497 -1.58346 0.443355 0.725418 -1.84605 -4.0283 -1.95165 -0.404332 
-3.66712 -2.58091 0.113347 0.268424 -3.67098 -4.37059 -2.01596 -0.520899 
-4.87466 -1.82648 -0.527555 -1.24233 -5.26524 -4.04087 -1.36734 -0.733906 
-2.86327 0.933988 -0.181245 -3.21984 -4.06646 -1.039 0.152907 -0.392735 
5.30814 5.30055 3.23841 1.21101 0.542978 0.541874 -0.723244 -0.769382 
3.98477 2.34907 1.83271 0.936783 -0.954624 -1.52192 -1.5136 -0.629729 

-0.344358 -1.05068 -1.28093 -0.960461 0.265477 2.24817 2.71821 1.06847 
1.78634 1.20905 0.60139 0.0224131 0.223985 1.54937 1.81177 0.41859 
-0.810783 -1.63414 -2.31826 -2.27117 -0.332053 1.482 1.28953 0.181633 
-2.26663 -3.2573 -3.78921 -3.4919 -0.965646 0.808516 0.289042 -0.256583 
-2.78903 -3.55633 -3.99629 -3.22837 -1.58279 0.111456 -0.106835 -0.000345947 
-2.81406 -3.3698 -2.63711 -1.80751 -0.789458 -0.00225807 0.186003 0.544539 
2.44997 2.13113 2.78115 2.25571 2.05321 1.4401 1.06075 0.917773 
3.57832 4.24871 5.1364 4.54148 4.34024 3.41124 2.099 1.17262 

-2.44115 -3.27484 0.0700414 3.53967 0.629858 -6.63466 -4.35482 -0.211547 
-3.08184 -1.8281 1.73421 4.18755 -1.196 -6.95483 -3.11867 -0.162128 
-2.02015 -1.29353 2.32392 4.05881 -3.76022 -6.85448 -1.55779 0.240722 
-2.093 -2.00285 2.67474 3.42017 -5.67637 -5.09891 -0.952295 0.0949146 
-3.01839 -1.33452 3.28754 -0.29628 -7.39684 -4.05662 -1.72331 -0.85814 
-1.69255 1.06834 3.85314 -2.33854 -5.61697 -2.30299 -1.99096 -1.11864 
-1.12223 0.425666 1.06556 -3.08199 -2.78764 -1.98693 -2.42059 -0.925554 
-0.242441 -0.976471 -1.67589 -2.64624 -1.41061 -2.42586 -2.62451 -0.559339 

0.109415 1.40272 1.88199 0.963118 -0.507353 -1.32133 -0.552233 -0.276621 
-0.168396 1.53162 1.6685 -0.239985 -2.12669 -1.9919 -0.589063 -0.121155 
-2.09182 -2.37583 -3.11751 -3.79725 -3.13581 -1.46073 -0.234652 -0.0232472 
-0.903311 -1.7081 -2.90758 -3.53692 -2.65275 -1.52179 -0.539697 -0.184123 
-2.6293 -3.57389 -4.12293 -4.65101 -4.3944 -3.48296 -2.43498 -1.09339 
-3.54678 -4.31619 -4.91716 -4.6587 -5.19434 -4.32393 -3.19388 -1.59152 
5.57728 6.26273 6.79838 7.20299 6.62879 4.45198 1.93972 0.165143 
-0.0104439 -0.810248 -0.285597 0.785464 2.23746 2.39146 1.35077 0.435734 

-0.518463 1.36653 1.35284 -0.197427 -1.39605 -1.56531 -1.2273 -0.605228 
-0.767861 0.00456987 -0.757496 -0.985542 -1.12292 -1.09406 -1.27266 -0.801031 
-0.621283 1.68685 1.10784 -0.555223 -1.25312 -1.25603 -1.06988 -0.608525 
0.019339 1.06416 0.3765 -0.784004 -1.25576 -1.16569 -0.832833 -0.366705 
-0.771159 0.2226 -0.0968434 -0.939934 -1.2005 -1.18113 -0.488704 -0.178492 
0.654871 1.36053 -0.0510461 -0.661377 -0.0844648 -0.353695 -0.600756 -0.323097 
0.462262 1.02618 -0.00864259 -0.130553 -0.601286 -0.648265 -0.323767 -0.313459 
-1.51857 -1.35663 -2.13854 -2.0553 -2.54515 -2.37544 -1.10486 -0.561483 

0.505196 0.393081 0.455688 -0.958436 -0.463355 0.270633 -0.0493679 0.0748428 
-0.906336 -0.630841 0.425115 -0.136723 0.200619 0.0439449 -0.111798 -0.177007 
-1.70806 -1.92079 -1.47559 -0.221993 0.263611 -0.473725 -0.357047 -0.191641 
-1.86127 -1.82865 -1.80076 -1.79284 -1.20805 -1.27487 -0.579369 -0.0687068 
-1.95138 -0.934411 -1.56646 -2.13332 -1.80602 -1.61795 -0.752763 -0.0279773 
0.22361 0.575553 1.14912 1.10113 -0.00523536 -1.04878 -0.665716 -0.0624463 
0.665287 -0.239316 0.764941 2.08101 0.920461 -0.412564 -0.78424 -0.170538 
-0.375222 -0.438983 0.301796 1.63301 1.40602 1.50088 1.03129 0.303699 

