1.85566 1.03669 0.0974379 1.22125 0 0.00284957 0 0.579496 0 0 0 3.33469 0 0 0 2.45504 0 0 0 2.91477 
0 0 0.262193 0 0.618175 0 0.841311 2.17136 1.08776 0 0 2.27442 0 0 0 3.60013 0.865781 0.340395 0 0 
0.124516 0 0.0530108 0 1.14192 0 0.697314 1.82647 2.38039 3.95263 0.769855 0 0.828803 0 0.988577 0 0.0493853 1.75383 0 0 
0 2.60579 0 0 0.232896 0 1.28249 0 2.12489 0 2.36083 1.40027 0 0 0.9957 1.989 2.52158 3.71538 0.710872 2.88808 
0.673894 0 0 2.31766 0 0 0 0 2.34858 0 0 5.32475 0 0 0 0 1.1327 0.868445 0 1.40233 
0.14269 1.78717 0.284104 2.18302 0.558189 0 0 0 0 0 0 0 0 2.08514 0 0 1.26366 1.53578 0.929093 0 
0 3.59342 1.5465 0 0 0 0.230162 0 0 0.890424 0 1.14307 0 2.20059 0 0 2.34533 0 1.06639 0 
0 0 1.94609 0.19376 0 0 0.644869 0.362122 0 0 3.3384 0 0.263 0.694795 2.98521 0.787198 0 3.27725 0 0 
1.15111 1.11201 0.630991 0 0 0 0 0 0.956955 2.34432 2.5163 0 0 0 0 0.650926 0 2.5063 0 0 
0 0 2.59944 0 0.600178 0 0 0 0 0 1.45098 1.97881 0 0 2.00665 0 0.745416 0.279081 0 0 
0 0.276057 0 2.51536 0.226918 1.48554 0 0 0.377691 0.0151656 0 0 0.800132 0.962633 0 0 0 0 0.199936 1.46369 
0 0.76262 0 0 0.0900883 0.131064 0 0 0 0 0 0.967297 0 1.73411 0 2.69129 0.0628202 0.314493 0 2.57995 
0.821208 0 0 0 0 0 2.4275 0 0 0.367436 2.13746 0 0.453156 0.518458 0 0 0 0 0.601908 2.38265 
2.29417 0 2.62805 0 1.43457 0 0.0258036 1.27506 0 0.0293134 0.219537 0 0 0 1.50991 0 0.16536 0 0 2.26191 
5.62826 1.89558 0.783917 0 0 0 0.734919 2.25112 0 0 0 0.0372066 0 0 0.558976 0.921562 2.77014 0 0 0.285775 
0 0 0 0.937624 0 0 0 0 0 0 0 0.0900884 0.154087 0 0 0 0.512661 0 0 0 
3.93574 0 3.00926 0 0.275046 0 0.308614 0 3.05428 3.16484 0 0 1.38737 0 0.650105 1.50007 0 0 1.25861 0 
0 0 0.0731365 0 0 0 0 3.21211 0 0 0.173878 0 0 0 2.81938 0 0 0.800734 1.78167 0 
1.58557 0 0 1.98275 3.24811 0 0 0 1.57074 0.507276 0 2.01142 0.456482 0 0 0 0 1.53367 0 1.50818 
0.789889 1.99854 1.08768 2.57741 0 1.60811 1.41145 0 0 2.80129 1.0376 0 2.38465 0.876019 0 0.505001 0.342239 0 0 0.617639 
3.69663 0 0 0.350905 0.995773 0 0.854013 0 0.0506268 2.24933 1.93213 0 0 0 1.67305 2.76766 1.16499 4.47678 0 0.846768 
0 0.0406776 0 0 0 0 2.10181 0 1.69311 2.03259 0 1.2814 0 0 0 0 0 0 2.00856 0.0931067 
1.30584 0 0 0.429172 0 3.01556 0 0 0 0 2.30232 0 0 2.1253 0 0 2.26397 0 0 0 
2.77892 0.327364 0 3.4396 3.53243 2.65738 0 0.769873 0 0 0 0 3.21427 0 0 0 1.8873 0 0 1.97833 
1.06269 1.79392 2.94716 1.27042 4.1694 0 0 2.76538 0.236747 0.373454 0 0 2.05584 0 1.46883 0 0 0.382663 1.41737 0.0241836 
